86 4
k power error
2.26936e-02 7.08827e+04 3.70373e+03
2.76670e-02 6.44343e+04 3.01545e+03
3.26280e-02 5.75035e+04 2.22035e+03
3.75931e-02 5.11833e+04 1.79403e+03
4.25791e-02 4.23181e+04 1.46176e+03
4.75743e-02 3.84063e+04 1.10059e+03
5.25712e-02 3.58282e+04 9.48735e+02
5.75864e-02 3.44852e+04 8.55356e+02
6.25734e-02 3.30781e+04 6.93307e+02
6.75683e-02 2.92259e+04 6.20435e+02
7.25645e-02 2.72783e+04 5.27110e+02
7.75554e-02 2.48669e+04 5.40705e+02
8.25464e-02 2.21151e+04 4.58898e+02
8.75343e-02 2.07130e+04 4.28226e+02
9.25356e-02 1.89543e+04 3.17537e+02
9.75405e-02 1.68020e+04 2.99428e+02
1.02544e-01 1.61469e+04 2.56828e+02
1.07540e-01 1.51235e+04 2.55573e+02
1.12535e-01 1.46207e+04 2.54687e+02
1.17530e-01 1.35267e+04 2.57092e+02
1.22543e-01 1.31677e+04 2.09954e+02
1.27538e-01 1.29573e+04 1.82877e+02
1.32536e-01 1.21306e+04 1.63566e+02
1.37523e-01 1.14928e+04 1.57441e+02
1.42525e-01 1.08070e+04 1.51024e+02
1.47532e-01 1.00189e+04 1.39283e+02
1.52533e-01 9.46631e+03 1.35614e+02
1.57537e-01 8.92674e+03 1.15732e+02
1.62532e-01 8.45777e+03 1.20587e+02
1.67531e-01 8.32437e+03 1.07480e+02
1.72524e-01 7.85025e+03 9.44760e+01
1.77517e-01 7.58812e+03 8.08787e+01
1.82517e-01 7.28129e+03 9.40074e+01
1.87522e-01 7.01434e+03 9.56254e+01
1.92519e-01 6.79794e+03 9.02709e+01
1.97519e-01 6.52120e+03 6.79178e+01
2.02520e-01 6.22859e+03 7.50870e+01
2.07522e-01 6.00295e+03 7.62687e+01
2.12522e-01 5.85824e+03 7.42299e+01
2.17518e-01 5.58495e+03 5.92195e+01
2.22519e-01 5.39768e+03 6.30050e+01
2.27516e-01 5.20505e+03 7.06886e+01
2.32517e-01 5.07557e+03 6.27699e+01
2.37520e-01 4.92305e+03 5.48536e+01
2.42520e-01 4.70843e+03 4.79613e+01
2.47515e-01 4.55966e+03 5.48316e+01
2.52518e-01 4.40040e+03 5.98595e+01
2.57518e-01 4.24395e+03 5.22391e+01
2.62516e-01 4.10460e+03 5.31430e+01
2.67512e-01 4.02110e+03 4.69930e+01
2.72512e-01 3.96450e+03 4.44071e+01
2.77513e-01 3.81526e+03 4.70013e+01
2.82512e-01 3.72744e+03 4.32812e+01
2.87513e-01 3.60934e+03 4.36756e+01
2.92512e-01 3.48625e+03 3.75312e+01
2.97515e-01 3.40768e+03 3.23074e+01
3.02515e-01 3.35172e+03 3.70745e+01
3.07516e-01 3.20120e+03 3.95201e+01
3.12512e-01 3.16917e+03 4.13728e+01
3.17511e-01 2.99833e+03 3.75004e+01
3.22515e-01 2.96788e+03 3.85666e+01
3.27517e-01 2.92833e+03 3.81549e+01
3.32514e-01 2.83990e+03 3.60685e+01
3.37512e-01 2.79109e+03 3.53397e+01
3.42512e-01 2.70082e+03 3.47054e+01
3.47513e-01 2.64670e+03 3.51629e+01
3.52511e-01 2.55334e+03 3.26616e+01
3.57509e-01 2.53425e+03 3.24243e+01
3.62509e-01 2.47311e+03 3.44004e+01
3.67510e-01 2.42296e+03 3.25576e+01
3.72513e-01 2.34660e+03 3.76958e+01
3.77514e-01 2.29958e+03 3.15919e+01
3.82513e-01 2.27449e+03 3.12653e+01
3.87509e-01 2.19368e+03 3.61784e+01
3.92511e-01 2.12999e+03 2.82276e+01
3.97511e-01 2.09889e+03 3.05102e+01
4.02510e-01 2.09517e+03 3.23695e+01
4.07508e-01 2.01135e+03 2.87448e+01
4.12511e-01 1.96138e+03 3.05221e+01
4.17514e-01 1.91008e+03 2.73428e+01
4.22513e-01 1.90483e+03 2.97172e+01
4.27512e-01 1.83587e+03 2.88410e+01
4.32510e-01 1.79569e+03 2.58622e+01
4.37511e-01 1.78290e+03 2.69738e+01
4.42509e-01 1.73882e+03 2.80397e+01
4.47507e-01 1.71918e+03 2.54109e+01
2.26936e-02 1.65542e+04 9.51317e+03
2.76670e-02 2.10836e+04 7.13833e+03
3.26280e-02 2.96108e+04 5.34387e+03
3.75931e-02 2.94665e+04 4.84437e+03
4.25791e-02 2.35119e+04 4.10136e+03
4.75743e-02 1.77536e+04 3.09059e+03
5.25712e-02 1.30860e+04 2.44697e+03
5.75864e-02 1.26889e+04 1.98679e+03
6.25734e-02 1.01354e+04 1.80382e+03
6.75683e-02 1.15381e+04 1.46292e+03
7.25645e-02 1.15090e+04 1.12770e+03
7.75554e-02 8.33338e+03 1.15734e+03
8.25464e-02 8.42662e+03 1.00964e+03
8.75343e-02 8.06667e+03 9.57467e+02
9.25356e-02 6.78798e+03 8.78940e+02
9.75405e-02 6.03489e+03 7.17471e+02
1.02544e-01 5.58036e+03 5.88256e+02
1.07540e-01 5.79464e+03 6.44790e+02
1.12535e-01 5.27579e+03 5.67755e+02
1.17530e-01 4.25862e+03 5.21301e+02
1.22543e-01 3.94700e+03 3.86997e+02
1.27538e-01 3.72124e+03 4.06317e+02
1.32536e-01 4.07828e+03 3.84599e+02
1.37523e-01 3.64397e+03 3.55972e+02
1.42525e-01 3.30606e+03 3.42627e+02
1.47532e-01 3.24640e+03 3.13558e+02
1.52533e-01 3.04542e+03 2.79422e+02
1.57537e-01 2.91588e+03 2.42579e+02
1.62532e-01 2.81385e+03 2.47884e+02
1.67531e-01 2.58855e+03 2.40779e+02
1.72524e-01 2.39253e+03 2.07022e+02
1.77517e-01 2.12727e+03 1.85821e+02
1.82517e-01 2.25484e+03 1.92666e+02
1.87522e-01 2.01650e+03 1.84409e+02
1.92519e-01 1.80528e+03 1.70238e+02
1.97519e-01 1.55207e+03 1.62355e+02
2.02520e-01 1.46036e+03 1.66761e+02
2.07522e-01 1.46603e+03 1.58664e+02
2.12522e-01 1.34492e+03 1.38815e+02
2.17518e-01 1.36658e+03 1.48188e+02
2.22519e-01 1.06972e+03 1.28560e+02
2.27516e-01 9.42546e+02 1.34844e+02
2.32517e-01 9.81932e+02 1.23677e+02
2.37520e-01 9.14227e+02 1.31284e+02
2.42520e-01 8.89875e+02 1.14092e+02
2.47515e-01 8.18948e+02 1.19732e+02
2.52518e-01 6.65022e+02 9.84032e+01
2.57518e-01 6.11965e+02 8.52530e+01
2.62516e-01 6.91938e+02 1.13276e+02
2.67512e-01 5.80325e+02 9.32392e+01
2.72512e-01 4.10334e+02 8.62659e+01
2.77513e-01 3.57433e+02 9.08518e+01
2.82512e-01 3.26709e+02 7.89300e+01
2.87513e-01 2.28045e+02 7.52311e+01
2.92512e-01 2.69349e+02 8.49586e+01
2.97515e-01 2.34448e+02 9.09688e+01
3.02515e-01 1.28206e+02 9.40344e+01
3.07516e-01 3.80094e+01 8.85881e+01
3.12512e-01 4.69574e+01 6.98200e+01
3.17511e-01 1.23928e+02 6.76410e+01
3.22515e-01 1.71652e+01 6.95019e+01
3.27517e-01 4.19070e+01 6.19316e+01
3.32514e-01 1.02138e+02 6.44098e+01
3.37512e-01 1.94433e+01 6.49995e+01
3.42512e-01 -7.64338e+01 6.27279e+01
3.47513e-01 -4.85673e+01 5.81495e+01
3.52511e-01 -6.56210e+00 5.77489e+01
3.57509e-01 -1.16323e+02 5.86420e+01
3.62509e-01 -1.32876e+02 6.20641e+01
3.67510e-01 -1.52615e+02 6.13423e+01
3.72513e-01 -1.03314e+02 5.19728e+01
3.77514e-01 -1.42375e+02 5.27169e+01
3.82513e-01 -2.04592e+02 5.22162e+01
3.87509e-01 -1.78622e+02 5.25224e+01
3.92511e-01 -1.83345e+02 4.69544e+01
3.97511e-01 -2.32890e+02 5.02605e+01
4.02510e-01 -2.93056e+02 4.78356e+01
4.07508e-01 -2.24993e+02 4.20507e+01
4.12511e-01 -2.22354e+02 4.39277e+01
4.17514e-01 -2.90195e+02 4.36952e+01
4.22513e-01 -3.74508e+02 4.04995e+01
4.27512e-01 -2.47328e+02 4.27554e+01
4.32510e-01 -3.02971e+02 4.04968e+01
4.37511e-01 -3.45578e+02 4.00327e+01
4.42509e-01 -3.35670e+02 4.03871e+01
4.47507e-01 -3.76420e+02 4.46512e+01
2.26936e-02 -2.09733e+04 1.38214e+04
2.76670e-02 -1.14550e+04 8.65768e+03
3.26280e-02 5.47584e+03 7.43049e+03
3.75931e-02 8.48096e+03 5.08923e+03
4.25791e-02 7.42965e+03 4.04949e+03
4.75743e-02 3.81449e+03 3.31825e+03
5.25712e-02 5.98348e+02 2.91919e+03
5.75864e-02 2.75544e+03 2.48841e+03
6.25734e-02 2.06165e+03 2.48033e+03
6.75683e-02 2.29910e+03 2.03714e+03
7.25645e-02 1.17225e+03 1.63241e+03
7.75554e-02 3.28673e+01 1.33362e+03
8.25464e-02 -1.54354e+03 1.34595e+03
8.75343e-02 -4.02095e+03 1.22875e+03
9.25356e-02 -2.66208e+03 9.98706e+02
9.75405e-02 -9.27891e+02 8.10422e+02
1.02544e-01 -8.54940e+02 7.18780e+02
1.07540e-01 3.12692e+02 6.61516e+02
1.12535e-01 3.69837e+01 6.36147e+02
1.17530e-01 5.44198e+02 5.50578e+02
1.22543e-01 8.22111e+02 5.44860e+02
1.27538e-01 3.92069e+02 5.62317e+02
1.32536e-01 1.57535e+02 4.96929e+02
1.37523e-01 -8.54397e+01 4.17433e+02
1.42525e-01 3.47823e+02 4.28948e+02
1.47532e-01 -7.99112e+00 3.91733e+02
1.52533e-01 -2.81976e+02 3.80892e+02
1.57537e-01 2.53334e+02 3.56867e+02
1.62532e-01 4.51064e+02 2.87724e+02
1.67531e-01 2.14389e+02 2.68218e+02
1.72524e-01 -2.78561e+01 2.93572e+02
1.77517e-01 2.34359e+02 2.30832e+02
1.82517e-01 1.57206e+02 2.19783e+02
1.87522e-01 4.76274e+02 2.13620e+02
1.92519e-01 3.48967e+02 2.20385e+02
1.97519e-01 8.41423e+01 2.20889e+02
2.02520e-01 1.55636e+02 1.82963e+02
2.07522e-01 1.63463e+02 1.78708e+02
2.12522e-01 5.63342e+02 1.50678e+02
2.17518e-01 3.17413e+02 1.87183e+02
2.22519e-01 4.55241e+02 1.76886e+02
2.27516e-01 4.47645e+02 1.59462e+02
2.32517e-01 4.59522e+02 1.50962e+02
2.37520e-01 6.05508e+02 1.54038e+02
2.42520e-01 4.95746e+02 1.48760e+02
2.47515e-01 3.08309e+02 1.20731e+02
2.52518e-01 3.45777e+02 1.26566e+02
2.57518e-01 3.65470e+02 1.23218e+02
2.62516e-01 3.96501e+02 1.08353e+02
2.67512e-01 3.11423e+02 1.28706e+02
2.72512e-01 2.27334e+02 1.25615e+02
2.77513e-01 4.20180e+02 1.00667e+02
2.82512e-01 3.27325e+02 1.06495e+02
2.87513e-01 2.73389e+02 9.44982e+01
2.92512e-01 2.98758e+02 8.58317e+01
2.97515e-01 4.01226e+02 8.79510e+01
3.02515e-01 2.24310e+02 8.88451e+01
3.07516e-01 1.25273e+02 9.66340e+01
3.12512e-01 2.59776e+02 1.02413e+02
3.17511e-01 4.91140e+02 9.05912e+01
3.22515e-01 4.04908e+02 8.27410e+01
3.27517e-01 4.01629e+02 8.19902e+01
3.32514e-01 3.60057e+02 7.97830e+01
3.37512e-01 2.68810e+02 8.08664e+01
3.42512e-01 3.68999e+02 7.96949e+01
3.47513e-01 4.24440e+02 7.34516e+01
3.52511e-01 4.32440e+02 7.53705e+01
3.57509e-01 2.94193e+02 7.64150e+01
3.62509e-01 3.76851e+02 6.17885e+01
3.67510e-01 4.32550e+02 6.95420e+01
3.72513e-01 4.25067e+02 6.70524e+01
3.77514e-01 4.38589e+02 6.07788e+01
3.82513e-01 4.35092e+02 6.30537e+01
3.87509e-01 3.56647e+02 6.43361e+01
3.92511e-01 3.36316e+02 6.24923e+01
3.97511e-01 4.13057e+02 6.15394e+01
4.02510e-01 4.48376e+02 6.88103e+01
4.07508e-01 3.37960e+02 5.75140e+01
4.12511e-01 3.39759e+02 6.02523e+01
4.17514e-01 3.16342e+02 5.59723e+01
4.22513e-01 3.80627e+02 5.14546e+01
4.27512e-01 3.82912e+02 4.94358e+01
4.32510e-01 3.71849e+02 5.82601e+01
4.37511e-01 3.81484e+02 5.20131e+01
4.42509e-01 3.65574e+02 5.44391e+01
4.47507e-01 3.64052e+02 5.43986e+01
2.26936e-02 -8.68514e+03 1.20649e+04
2.76670e-02 -7.40117e+03 9.11432e+03
3.26280e-02 -8.09769e+03 6.90771e+03
3.75931e-02 1.34536e+03 5.98934e+03
4.25791e-02 4.27415e+03 4.85394e+03
4.75743e-02 -2.74026e+03 3.98728e+03
5.25712e-02 -5.61566e+03 3.43806e+03
5.75864e-02 -5.34594e+03 2.93210e+03
6.25734e-02 -2.11236e+03 2.49639e+03
6.75683e-02 -4.72754e+02 2.09015e+03
7.25645e-02 2.56655e+02 1.87171e+03
7.75554e-02 -1.02710e+03 1.88241e+03
8.25464e-02 -7.21818e+02 1.47272e+03
8.75343e-02 -1.05423e+02 1.21046e+03
9.25356e-02 1.14019e+02 1.01190e+03
9.75405e-02 1.29986e+03 9.16499e+02
1.02544e-01 1.20436e+03 9.21460e+02
1.07540e-01 -3.42979e+02 8.88482e+02
1.12535e-01 5.03459e+02 8.02762e+02
1.17530e-01 9.82452e+01 6.47179e+02
1.22543e-01 4.31093e+02 6.44110e+02
1.27538e-01 7.35058e+02 5.54437e+02
1.32536e-01 9.34224e+01 5.91340e+02
1.37523e-01 -6.04526e+01 4.73305e+02
1.42525e-01 -1.40533e+02 4.89529e+02
1.47532e-01 5.83547e+02 4.49665e+02
1.52533e-01 1.05819e+03 4.26273e+02
1.57537e-01 3.23541e+02 3.31083e+02
1.62532e-01 -3.51484e+02 3.53264e+02
1.67531e-01 -3.44487e+02 3.36078e+02
1.72524e-01 -2.73363e+02 2.82914e+02
1.77517e-01 -4.40346e+01 2.67787e+02
1.82517e-01 4.32241e+02 2.80233e+02
1.87522e-01 2.06507e+02 2.70209e+02
1.92519e-01 1.27010e+02 2.50898e+02
1.97519e-01 -1.54867e+02 2.51196e+02
2.02520e-01 -3.39085e+02 2.25612e+02
2.07522e-01 -2.02342e+02 2.10082e+02
2.12522e-01 5.91197e+01 2.11007e+02
2.17518e-01 -2.54736e+02 2.22642e+02
2.22519e-01 -2.19665e+02 1.94768e+02
2.27516e-01 4.31442e+01 1.74212e+02
2.32517e-01 1.34062e+01 1.76539e+02
2.37520e-01 -3.66309e+02 1.91776e+02
2.42520e-01 -3.14556e+02 1.50458e+02
2.47515e-01 7.51670e+01 1.58333e+02
2.52518e-01 1.75210e+01 1.48916e+02
2.57518e-01 1.44954e+02 1.47410e+02
2.62516e-01 -1.18395e+02 1.39386e+02
2.67512e-01 8.01281e+00 1.26813e+02
2.72512e-01 1.31961e+02 1.27883e+02
2.77513e-01 2.37793e+01 1.17818e+02
2.82512e-01 -5.39722e+01 1.20342e+02
2.87513e-01 -2.65033e+02 1.09522e+02
2.92512e-01 -2.97961e+02 1.02983e+02
2.97515e-01 -1.95719e+01 1.00649e+02
3.02515e-01 2.15405e+01 9.99817e+01
3.07516e-01 -1.79200e+02 1.07161e+02
3.12512e-01 -2.00837e+01 1.04914e+02
3.17511e-01 8.36643e-01 9.04906e+01
3.22515e-01 -4.22038e+01 8.95316e+01
3.27517e-01 -1.35055e+02 9.19436e+01
3.32514e-01 -1.36762e+02 8.93211e+01
3.37512e-01 -1.43363e+02 8.53449e+01
3.42512e-01 -9.81929e+01 8.56213e+01
3.47513e-01 -2.45737e+01 8.67910e+01
3.52511e-01 -3.58823e+00 8.94078e+01
3.57509e-01 -3.25811e+01 8.26075e+01
3.62509e-01 -2.49339e+01 8.98019e+01
3.67510e-01 -8.33263e+01 8.66599e+01
3.72513e-01 -1.78061e+02 6.64853e+01
3.77514e-01 -8.38210e+01 7.31585e+01
3.82513e-01 -7.76142e+00 7.88775e+01
3.87509e-01 -1.43267e+02 6.88360e+01
3.92511e-01 -1.41407e+02 6.70069e+01
3.97511e-01 -2.45720e+02 7.94489e+01
4.02510e-01 -2.22584e+02 7.02283e+01
4.07508e-01 -1.16238e+02 6.67111e+01
4.12511e-01 -1.41095e+02 6.57443e+01
4.17514e-01 -1.84591e+02 5.95414e+01
4.22513e-01 -1.31915e+02 5.74347e+01
4.27512e-01 -1.38324e+02 5.81768e+01
4.32510e-01 -8.89560e+01 5.77897e+01
4.37511e-01 -3.69077e+01 6.00416e+01
4.42509e-01 -8.59128e+01 5.67505e+01
4.47507e-01 -5.36134e+01 6.11249e+01
